1 29.7 1
2 29.4 0
3 29.1 0
4 28.8 1
5 28.5 0
6 28.2 0
7 27.9 0
8 27.6 0
9 27.3 1
10 27.0 0
11 26.7 1
12 26.4 0
13 26.1 0
14 25.8 0
15 25.5 0
16 25.2 0
17 24.9 1
18 24.6 0
19 24.3 1
20 24.0 0
21 23.7 0
22 23.4 1
23 23.1 0
24 22.8 1
25 22.5 0
26 22.2 0
27 21.9 1
28 21.6 0
29 21.3 0
30 21.0 1
31 20.7 1
32 20.4 0
33 20.1 1
34 19.8 0
35 19.5 1
36 19.2 0
37 18.9 0
38 18.6 0
39 18.3 0
40 18.0 0
41 17.7 0
42 17.4 1
43 17.1 1
44 16.8 0
45 16.5 1
46 16.2 0
47 15.9 1
48 15.6 0
49 15.3 0
50 15.0 1
51 14.7 1
52 14.4 0
53 14.1 0
54 13.8 0
55 13.5 0
56 13.2 0
57 12.9 0
58 12.6 0
59 12.3 0
60 12.0 1
61 11.7 0
62 11.4 0
63 11.1 0
64 10.8 1
65 10.5 0
66 10.2 0
67 9.9 0
68 9.6 0
69 9.3 1
70 9.0 1
71 8.7 0
72 8.4 0
73 8.1 0
74 7.8 0
75 7.5 0
76 7.2 0
77 6.9 1
78 6.6 0
79 6.3 0
80 6.0 1
81 5.7 0
82 5.4 0
83 5.1 0
84 4.8 0
85 4.5 0
86 4.2 1
87 3.9 0
88 3.6 0
89 3.3 0
90 3.0 0
91 2.7 0
92 2.4 0
93 2.1 0
94 1.8 0
95 1.5 1
96 1.2 1
97 0.9 0
98 0.6 0
99 0.3 0
