37
42
66
59
75
75
76
76
76
75
78
78
78
78
73
78
80
80
80
89
89
80
80
64
64
67
66
59
80
81
80
81
82
82
70
93
93
97
97
97
97
87
82
85
81
99
66
62
63
62
63
63
88
88
88
88
88
83
83
65
65
98
98
97
101
101
104
104
103
107
107
107
107
98
104
101
68
68
70
69
67
70
92
87
91
91
49
49
49
49
49
48
89
89
74
72
77
75
75
75
87
93
88
91
93
96
96
98
93
93
86
86
99
99
84
84
74
80
73
76
76
69
72
77
77
77
77
77
77
70
74
74
74
72
66
67
67
67
67
70
70
70
86
86
86
86
86
86
78
82
82
82
82
82
81
81
81
81
76
76
78
78
78
78
78
81
80
84
89
91
91
91
80
80
88
66
83
91
91
91
96
87
87
85
85
84
87
87
87
83
72
77
77
78
76
85
84
84
82
