-4714
-4714
-4713
-4713
-2848
-2848
-2848
-2848
-2848
-2848
-2848
-2848
-2848
-2848
-2848
-2848
-2848
-2848
-2848
-1834
-1834
-1834
-1834
-1834
-1834
-1834
-1834
-1834
-1834
-1834
-1834
-1834
-1834
-1834
-1834
-1834
-1834
-1834
-1834
-1834
-1834
-1834
-1826
-1826
-1825
-1825
-1825
-1825
-1825
-1825
-1825
-1825
-1825
-1825
-1825
-1825
-1825
-1825
-1825
-1825
-1825
-1231
-1226
-1226
-1226
-1226
-1226
-1226
-1226
-1226
-1226
-1226
-1226
-1226
-1226
-1226
-1226
-1226
-1226
-1226
-1226
-1226
-1226
-2388
-2388
-2388
-2388
-2388
-2388
-2388
-2388
-2388
-2388
-2388
-2388
-2388
-2388
-2388
-2388
-2388
-2388
-2388
-2388
-2388
-2388
-2388
-2388
-2388
-2388
-2388
-2388
-2388
-2388
-2388
-2388
-2388
-2388
-2388
-2388
-2067
-2067
-2067
-2067
-2067
-2067
-2067
-2067
-2067
-2067
-2067
-2067
-2067
-2067
-2067
-2067
-2067
-2067
-2067
-2067
-2067
-2067
-2067
-1529
-1529
-1529
-1529
-1529
-1529
-1529
-1529
-1529
-1529
-1529
-1529
-1529
-1529
-1529
-1529
-1529
-1529
-1529
-1529
-1529
-1529
-1529
-1529
-1529
-1529
-1529
-1529
-1529
-1529
-1529
-1529
-1529
-1529
-1529
-1529
-1529
-1529
-1529
-1529
-1529
-1529
-1529
-1529
-1529
-1529
-1529
-1529
-1529
-1529
-1529
-1529
-1529
-1529
-1529
-1529
-1529
-1529
-1529
-1529
-1529
-1529
-1529
-1529
-1529
-1529
-1529
-1529
-1529
-1529
-1529
-1529
-1529
-1529
-1529
-1529
-1529
-1529
-1529
-1529
-1529
-1529
-1529
-1529
-1529
-1529
-1529
-1529
-1529
-1529
-1529
-1529
-1529
-1529
-1529
-1529
-1529
-1529
-1529
-1529
-1529
-1529
-1529
-1529
-1529
-1529
-1529
-1529
-1529
-1529
-1529
-1470
-4144
-4144
-4144
-3506
-3506
-3506
-3506
-3506
-3506
-3506
-3506
-4033
-4033
-4018
-3980
-3980
-3980
-3980
-2771
-2771
-2771
-4131
-3945
-3945
-3945
-5496
-5496
-5496
-2259
-2259
-1989
-1989
-1989
-1989
-1989
-1989
-1989
-1989
-2815
-2815
-2815
-2815
-2815
-2815
-2815
-2815
-2815
-2815
-2815
-2815
-2815
-2815
-2815
-2231
-2231
-2231
-2231
-2231
-2231
-2231
-2231
-2231
-2231
-2231
-2231
-2231
-2231
-2231
-2231
-2231
-2231
-2231
-2231
-2231
-2231
-2231
-2231
-2066
-2066
-2066
-2066
-2066
-2066
-2066
-2066
-2066
-2066
-2066
-2066
-2066
-2066
-2066
-2066
-2066
-2066
-2066
-2066
-2066
-2066
-2066
-2066
-2066
-2066
-2066
-2066
-2066
-2066
-2066
-2066
-2066
-2066
-2066
-2066
-2066
-2066
-2066
-2066
-2066
-2066
-2066
-2066
-2066
-2066
-2066
-2066
-2066
-2066
-2066
-2066
-2066
-2066
-2066
-2066
-2066
-2066
-2066
-2066
-2066
-2066
-2066
-2066
-2066
-2066
-2066
-2066
-2066
-2066
-2066
-2066
-2066
-2066
-1799
-2747
-2582
-2425
-2425
-2425
-2425
-2425
-2425
-2425
-2425
-2425
-7266
-7266
-1929
-1929
-1908
-3220
-2882
-2882
-2882
-2882
-2882
-2882
-3457
-3044
-3044
-3044
-3044
-3044
-3044
-3044
-3019
-3019
-3019
-3019
-2540
-2347
-2347
-2251
-2251
-2370
-2370
-2161
-2248
-2248
-2248
-2248
-2248
-2248
-1520
-3863
-3863
-3863
-3863
-3863
-3863
-3808
-3660
-3636
-3636
-3636
-3636
-3618
-3618
-3618
-3604
-3642
-3634
-3611
-3611
-3611
-3611
-3611
-3611
-3611
-1777
-1777
-2598
-2598
-2598
-2598
-2598
-2598
-2598
-2598
-4313
-4284
-4284
-4299
-2283
-4162
-4174
-3691
