246.121972807
356.62504175
356.62504175
356.62504175
348.299011212
348.299011212
345.798625605
345.798625605
345.798625605
89.7803814109
342.778308096
352.438575312
315.281994766
315.281994766
315.281994766
315.281994766
315.281994766
315.281994766
315.281994766
351.068867541
351.068867541
351.068867541
351.068867541
351.068867541
351.068867541
351.068867541
222.513655153
222.513655153
174.025288406
174.025288406
165.242142459
165.242142459
165.242142459
165.242142459
345.946745048
345.946745048
345.946745048
170.750385354
170.750385354
203.640527787
170.764317684
294.998037131
309.505445668
283.851065814
289.812207796
289.812207796
305.01540569
305.187122051
293.534288449
315.277459055
315.277459055
378.704723937
378.704723937
378.704723937
378.704723937
378.704723937
378.704723937
378.704723937
378.704723937
378.704723937
378.704723937
378.704723937
269.904548941
269.904548941
226.950072571
226.950072571
298.828232542
298.828232542
311.079523137
311.079523137
311.079523137
293.240401809
307.318628291
364.821285074
364.821285074
358.750079262
384.76871752
384.76871752
370.753430613
370.753430613
368.744429799
328.782714404
328.782714404
361.164723854
332.902995551
304.195887159
307.540313409
341.807886127
341.807886127
344.727201484
365.945566853
365.945566853
354.984037587
354.984037587
369.08565674
331.024892747
331.024892747
354.532382574
354.532382574
336.682970673
344.100413836
344.100413836
219.362370732
219.362370732
219.362370732
354.689209774
354.689209774
367.324043153
367.324043153
339.389014272
368.972980035
368.972980035
368.972980035
368.972980035
177.195682171
172.167734099
172.167734099
379.451532078
379.451532078
379.451532078
254.080368724
254.080368724
254.080368724
247.208960667
337.00039115
337.00039115
337.00039115
337.00039115
337.00039115
337.00039115
378.574926491
378.574926491
345.976268544
349.765058118
308.940845641
192.33453287
192.33453287
192.33453287
219.347091856
386.423953962
213.986083022
220.877668344
220.877668344
220.877668344
371.757264168
400.292260881
400.292260881
334.817486743
348.608584093
350.044464367
356.368747894
356.368747894
358.326460886
327.751028437
331.120469121
354.157829981
353.558955604
325.00607005
361.330212704
361.330212704
361.330212704
361.7825046
361.7825046
361.7825046
361.7825046
378.06081246
378.06081246
378.06081246
378.06081246
378.06081246
378.06081246
235.005204455
366.660495424
366.660495424
366.660495424
336.961390515
330.094569294
330.094569294
395.190482467
381.277503702
381.277503702
381.277503702
211.186181395
267.134778042
267.134778042
166.471503973
172.763106297
178.543325289
178.543325289
60.3574580237
60.3574580237
77.6426082234
102.832376687
102.832376687
102.832376687
106.988142954
106.988142954
283.18012972
285.646331433
285.646331433
285.646331433
285.646331433
285.646331433
223.581190859
234.000759493
234.000759493
325.274815391
325.274815391
325.274815391
325.274815391
325.274815391
333.742050527
334.233584218
348.125901967
348.125901967
348.125901967
339.761121367
315.051686482
315.051686482
333.554262711
333.554262711
333.554262711
295.928545291
322.043218375
322.043218375
344.622475983
344.622475983
330.174957046
330.174957046
330.174957046
293.213518039
293.213518039
286.005668911
286.005668911
286.005668911
294.337694034
332.068360971
339.926669303
360.964197905
360.964197905
360.964197905
380.317871635
380.317871635
380.317871635
380.317871635
380.317871635
380.317871635
380.317871635
380.317871635
380.317871635
380.317871635
380.317871635
380.317871635
216.143261823
297.506299235
303.416003976
315.351277949
313.142954487
374.304313198
392.649756883
318.11181591
318.11181591
196.396601514
200.25935886
326.223225645
331.914822311
333.55321592
335.155556647
335.155556647
334.972319811
334.972319811
334.972319811
248.982643791
274.500242845
270.536981527
269.607411332
269.607411332
309.954634237
315.174574651
315.174574651
313.244755676
376.219427098
377.194697085
377.194697085
344.141573455
344.141573455
344.141573455
353.741304291
353.741304291
353.741304291
355.950224484
355.950224484
204.179614073
204.179614073
195.833069433
195.833069433
195.833069433
216.699967478
207.813721845
207.813721845
207.813721845
383.305149789
383.305149789
383.305149789
383.305149789
233.316797576
285.330400351
285.330400351
363.34073445
372.89336201
341.012700107
311.65441427
301.959428347
286.35543514
275.281380354
278.994977034
278.994977034
287.776460069
287.776460069
302.81344595
302.81344595
359.574381736
359.574381736
286.752836622
287.913127274
287.913127274
317.442316479
317.442316479
317.442316479
323.324870539
323.324870539
311.351034156
311.351034156
289.888713893
302.666456025
302.666456025
302.666456025
302.666456025
280.543174774
294.606398759
308.203075177
343.379013788
226.401789402
226.401789402
226.401789402
226.401789402
226.401789402
225.244410665
225.244410665
343.84151652
361.383221694
361.383221694
361.021968908
361.021968908
160.795723363
158.275165159
159.941245466
173.711858785
240.224542484
309.99261353
328.660811041
346.789328658
346.789328658
346.789328658
346.789328658
346.789328658
337.165786817
337.165786817
327.030791748
328.529361085
368.492818103
378.503610001
294.6297207
294.6297207
294.6297207
294.6297207
294.6297207
273.852651576
328.772214178
328.772214178
328.772214178
338.346783327
352.019281345
352.019281345
352.019281345
223.096106796
263.679844145
263.679844145
263.679844145
263.679844145
263.679844145
263.679844145
263.679844145
406.641252079
406.641252079
375.597032528
375.597032528
375.597032528
204.256306021
234.251129708
234.251129708
347.792309677
347.792309677
347.792309677
347.564426999
361.251730591
333.792703005
346.031808311
346.031808311
346.031808311
303.542712543
303.542712543
303.542712543
303.542712543
61.9861684523
60.248001599
60.248001599
42.1552736151
43.5588594104
43.5588594104
43.5588594104
43.5588594104
312.767556295
347.45323677
347.45323677
387.358525985
387.358525985
387.358525985
387.358525985
387.358525985
387.358525985
387.358525985
387.358525985
387.358525985
387.358525985
265.752189341
265.752189341
164.969395222
164.969395222
169.669507815
157.448818166
303.000377696
284.383411045
378.467794065
303.698751476
303.698751476
303.698751476
210.413944834
210.413944834
210.413944834
210.413944834
210.413944834
210.413944834
210.413944834
210.413944834
210.413944834
210.413944834
210.413944834
277.100223787
277.100223787
277.100223787
298.516727303
298.516727303
298.516727303
298.516727303
298.516727303
298.516727303
298.516727303
298.516727303
298.516727303
298.516727303
298.516727303
298.516727303
335.425514845
317.46142667
293.859141924
293.859141924
293.859141924
303.684378778
381.762788358
381.762788358
381.762788358
381.762788358
381.762788358
381.762788358
381.762788358
381.762788358
381.762788358
381.762788358
381.762788358
381.762788358
381.762788358
381.762788358
381.762788358
381.762788358
381.762788358
381.762788358
381.762788358
381.762788358
