379.830928123
379.830928123
363.474580066
363.474580066
247.190964486
242.102831376
242.102831376
242.102831376
242.102831376
242.102831376
242.102831376
242.102831376
242.102831376
242.102831376
250.354485617
337.035722784
351.37741667
308.516393427
317.953590722
300.115026647
324.976430241
324.976430241
324.976430241
324.976430241
324.976430241
324.976430241
324.976430241
324.976430241
234.149786399
234.149786399
217.658751493
217.658751493
271.017086674
271.017086674
264.245879897
264.245879897
272.597564952
272.597564952
281.975361628
298.16182624
298.16182624
323.757882741
323.757882741
323.757882741
319.211786076
319.211786076
319.211786076
243.992896259
243.992896259
243.992896259
243.992896259
296.879978553
330.371316399
330.433130806
330.433130806
359.308115029
359.308115029
365.011782079
365.011782079
365.011782079
365.011782079
365.011782079
365.011782079
365.011782079
365.011782079
365.011782079
365.011782079
365.011782079
365.011782079
365.011782079
365.011782079
365.011782079
365.011782079
365.011782079
365.011782079
365.011782079
365.011782079
365.011782079
365.011782079
329.029364259
325.862493869
325.862493869
346.716940883
319.076400664
302.531741097
314.918064733
327.995207698
327.995207698
327.995207698
327.995207698
327.995207698
327.995207698
327.995207698
372.337665458
372.337665458
373.050818564
373.050818564
373.050818564
373.050818564
